18时44分49秒     wlan0      0.00      0.00      0.00      0.00      0.00      0.00      0.00      0.00
18时44分51秒     wlan0      0.00      0.00      0.00      0.00      0.00      0.00      0.00      0.00
18时44分53秒     wlan0      0.00      0.00      0.00      0.00      0.00      0.00      0.00      0.00
18时44分55秒     wlan0      0.50      0.00      0.03      0.00      0.00      0.00      0.00      0.00
18时44分57秒     wlan0      0.00      0.00      0.00      0.00      0.00      0.00      0.00      0.00
18时44分59秒     wlan0      0.00      0.00      0.00      0.00      0.00      0.00      0.00      0.00
18时45分01秒     wlan0      0.00      0.00      0.00      0.00      0.00      0.00      0.00      0.00
18时45分03秒     wlan0      0.00      0.00      0.00      0.00      0.00      0.00      0.00      0.00
18时45分05秒     wlan0      0.00      0.00      0.00      0.00      0.00      0.00      0.00      0.00
18时45分07秒     wlan0      0.00      0.00      0.00      0.00      0.00      0.00      0.00      0.00
18时45分09秒     wlan0      0.00      0.00      0.00      0.00      0.00      0.00      0.00      0.00
18时45分11秒     wlan0      0.00      0.00      0.00      0.00      0.00      0.00      0.00      0.00
18时45分13秒     wlan0      5.50      6.00      1.37      1.51      0.00      0.00      0.00      0.00
18时45分15秒     wlan0      4.50      3.00      0.92      0.57      0.00      0.00      0.00      0.00
18时45分17秒     wlan0      3.50      6.50      0.36      0.59      0.00      0.00      0.00      0.00
18时45分19秒     wlan0      2.00      3.50      0.25      0.29      0.00      0.00      0.00      0.00
18时45分21秒     wlan0      2.00      3.50      0.25      0.31      0.00      0.00      0.00      0.00
18时45分23秒     wlan0      3.00      6.00      0.30      0.54      0.00      0.00      0.00      0.00
18时45分25秒     wlan0      4.00      8.00      0.40      0.72      0.00      0.00      0.00      0.00
18时45分27秒     wlan0      0.00      0.00      0.00      0.00      0.00      0.00      0.00      0.00
18时45分29秒     wlan0      0.00      0.00      0.00      0.00      0.00      0.00      0.00      0.00
18时45分31秒     wlan0      0.00      0.00      0.00      0.00      0.00      0.00      0.00      0.00
18时45分33秒     wlan0      0.00      0.00      0.00      0.00      0.00      0.00      0.00      0.00
18时45分35秒     wlan0      0.00      0.00      0.00      0.00      0.00      0.00      0.00      0.00
18时45分37秒     wlan0      0.00      0.00      0.00      0.00      0.00      0.00      0.00      0.00
18时45分39秒     wlan0      0.00      0.00      0.00      0.00      0.00      0.00      0.00      0.00
18时45分41秒     wlan0      0.00      0.00      0.00      0.00      0.00      0.00      0.00      0.00
18时45分43秒     wlan0      0.00      0.00      0.00      0.00      0.00      0.00      0.00      0.00
18时45分45秒     wlan0      0.00      0.00      0.00      0.00      0.00      0.00      0.00      0.00
18时45分47秒     wlan0      1.00      0.00      0.20      0.00      0.00      0.00      0.00      0.00
18时45分49秒     wlan0      0.00      0.00      0.00      0.00      0.00      0.00      0.00      0.00
18时45分51秒     wlan0      0.00      0.00      0.00      0.00      0.00      0.00      0.00      0.00
18时45分53秒     wlan0      0.00      0.00      0.00      0.00      0.00      0.00      0.00      0.00
18时45分55秒     wlan0      0.00      0.00      0.00      0.00      0.00      0.00      0.00      0.00
18时45分57秒     wlan0      0.00      0.00      0.00      0.00      0.00      0.00      0.00      0.00
18时45分59秒     wlan0      0.00      0.00      0.00      0.00      0.00      0.00      0.00      0.00
18时46分01秒     wlan0      0.50      0.00      0.03      0.00      0.00      0.00      0.00      0.00
18时46分03秒     wlan0      0.00      0.00      0.00      0.00      0.00      0.00      0.00      0.00
18时46分05秒     wlan0      0.00      0.00      0.00      0.00      0.00      0.00      0.00      0.00
18时46分07秒     wlan0      0.00      0.00      0.00      0.00      0.00      0.00      0.00      0.00
18时46分09秒     wlan0      0.00      0.00      0.00      0.00      0.00      0.00      0.00      0.00
18时46分11秒     wlan0      0.00      0.00      0.00      0.00      0.00      0.00      0.00      0.00
18时46分13秒     wlan0      1.50      2.00      0.62      0.65      0.00      0.00      0.00      0.00
18时46分15秒     wlan0      0.00      0.00      0.00      0.00      0.00      0.00      0.00      0.00
18时46分17秒     wlan0      1.00      1.00      0.58      0.57      0.00      0.00      0.00      0.00
18时46分19秒     wlan0      1.00      0.00      0.20      0.00      0.00      0.00      0.00      0.00
18时46分21秒     wlan0      0.00      0.00      0.00      0.00      0.00      0.00      0.00      0.00
18时46分23秒     wlan0      1.00      1.00      0.58      0.57      0.00      0.00      0.00      0.00
18时46分25秒     wlan0      0.00      0.00      0.00      0.00      0.00      0.00      0.00      0.00
18时46分27秒     wlan0      1.00      1.00      0.58      0.57      0.00      0.00      0.00      0.00
18时46分29秒     wlan0      0.00      0.00      0.00      0.00      0.00      0.00      0.00      0.00
18时46分31秒     wlan0      0.50      0.00      0.03      0.00      0.00      0.00      0.00      0.00
18时46分33秒     wlan0      1.50      1.50      0.62      1.11      0.00      0.00      0.00      0.00
18时46分35秒     wlan0      0.00      0.00      0.00      0.00      0.00      0.00      0.00      0.00
18时46分37秒     wlan0      1.00      1.00      0.58      0.57      0.00      0.00      0.00      0.00
18时46分39秒     wlan0      0.00      0.00      0.00      0.00      0.00      0.00      0.00      0.00
18时46分41秒     wlan0      0.00      0.00      0.00      0.00      0.00      0.00      0.00      0.00
18时46分43秒     wlan0      1.00      1.00      0.58      0.57      0.00      0.00      0.00      0.00
18时46分45秒     wlan0      0.00      0.00      0.00      0.00      0.00      0.00      0.00      0.00
18时46分47秒     wlan0      1.00      1.00      0.58      0.57      0.00      0.00      0.00      0.00
18时46分49秒     wlan0      0.50      0.00      0.03      0.00      0.00      0.00      0.00      0.00
18时46分51秒     wlan0      1.00      0.00      0.20      0.00      0.00      0.00      0.00      0.00
18时46分53秒     wlan0      1.00      1.00      0.58      0.57      0.00      0.00      0.00      0.00
18时46分55秒     wlan0      1.00      1.00      0.07      0.06      0.00      0.00      0.00      0.00
18时46分57秒     wlan0      1.50      3.00      0.65      0.74      0.00      0.00      0.00      0.00
18时46分59秒     wlan0      8.00     13.50      2.52      1.49      0.00      0.00      0.00      0.00
18时47分01秒     wlan0    107.00    131.00     48.93     19.45      0.00      0.00      0.00      0.00
18时47分03秒     wlan0    122.00    140.50     69.50     31.14      0.00      0.00      0.00      0.00
18时47分05秒     wlan0    148.00    153.00    109.71     30.31      0.00      0.00      0.00      0.00
18时47分07秒     wlan0    153.50    155.00    100.07     42.77      0.00      0.00      0.00      0.00
18时47分09秒     wlan0    101.50     98.50     66.63     22.97      0.00      0.00      0.00      0.00
18时47分11秒     wlan0    102.50    117.50     65.54     35.90      0.00      0.00      0.00      0.00
18时47分13秒     wlan0    121.00    135.00     44.94     47.85      0.00      0.00      0.00      0.00
18时47分15秒     wlan0     15.00     17.50      2.45      4.19      0.00      0.00      0.00      0.00
18时47分17秒     wlan0      7.50     10.00      1.25      1.79      0.00      0.00      0.00      0.00
18时47分19秒     wlan0      1.50     18.50      0.11      1.34      0.00      0.00      0.00      0.00
18时47分21秒     wlan0     17.00    113.00      1.12      7.49      0.00      0.00      0.00      0.00
18时47分23秒     wlan0      7.50     41.00      1.21      3.79      0.00      0.00      0.00      0.00
18时47分25秒     wlan0      7.00      9.50      0.81      1.57      0.00      0.00      0.00      0.00
18时47分27秒     wlan0      9.50     43.00      1.77      7.21      0.00      0.00      0.00      0.00
18时47分29秒     wlan0      2.50     15.00      0.16      1.00      0.00      0.00      0.00      0.00
18时47分31秒     wlan0      3.50     19.50      0.36      1.28      0.00      0.00      0.00      0.00
18时47分33秒     wlan0      2.00     17.00      0.64      1.66      0.00      0.00      0.00      0.00
18时47分35秒     wlan0      1.00     22.00      0.06      1.40      0.00      0.00      0.00      0.00
18时47分37秒     wlan0      3.00      9.00      0.70      1.06      0.00      0.00      0.00      0.00
18时47分39秒     wlan0      2.50      7.50      0.17      0.53      0.00      0.00      0.00      0.00
18时47分41秒     wlan0      1.00      7.50      0.06      0.47      0.00      0.00      0.00      0.00
18时47分43秒     wlan0      6.50     10.00      0.90      1.12      0.00      0.00      0.00      0.00
18时47分45秒     wlan0      0.00     12.50      0.00      0.88      0.00      0.00      0.00      0.00
18时47分47秒     wlan0      1.50      6.00      0.63      0.94      0.00      0.00      0.00      0.00
18时47分49秒     wlan0      2.50     21.00      0.15      1.30      0.00      0.00      0.00      0.00
18时47分51秒     wlan0      1.00     22.00      0.06      1.37      0.00      0.00      0.00      0.00
18时47分53秒     wlan0      2.50      9.00      0.67      1.07      0.00      0.00      0.00      0.00
18时47分55秒     wlan0      2.00      5.00      0.28      0.37      0.00      0.00      0.00      0.00
18时47分57秒     wlan0      5.00     12.00      0.82      1.23      0.00      0.00      0.00      0.00
18时47分59秒     wlan0      3.50      6.50      0.21      0.40      0.00      0.00      0.00      0.00
18时48分01秒     wlan0      0.00      0.50      0.00      0.04      0.00      0.00      0.00      0.00
18时48分03秒     wlan0      1.50      5.00      0.63      0.87      0.00      0.00      0.00      0.00
18时48分05秒     wlan0      1.00      4.00      0.08      0.28      0.00      0.00      0.00      0.00
18时48分07秒     wlan0      2.50      2.00      0.33      0.63      0.00      0.00      0.00      0.00
18时48分09秒     wlan0      7.50      9.50      1.06      2.15      0.00      0.00      0.00      0.00
18时48分11秒     wlan0      2.50      3.50      0.19      0.27      0.00      0.00      0.00      0.00
18时48分13秒     wlan0      6.00     14.50      0.91      1.50      0.00      0.00      0.00      0.00
18时48分15秒     wlan0      1.50      1.50      0.09      0.10      0.00      0.00      0.00      0.00
18时48分17秒     wlan0      1.50      9.00      0.61      1.08      0.00      0.00      0.00      0.00
18时48分19秒     wlan0      2.50     16.50      0.18      1.06      0.00      0.00      0.00      0.00
18时48分21秒     wlan0      0.50     14.50      0.03      0.88      0.00      0.00      0.00      0.00
18时48分23秒     wlan0      1.00     11.00      0.58      1.19      0.00      0.00      0.00      0.00
18时48分25秒     wlan0      0.00      4.00      0.00      0.26      0.00      0.00      0.00      0.00
18时48分27秒     wlan0      2.50      8.50      0.83      1.07      0.00      0.00      0.00      0.00
18时48分29秒     wlan0      0.00      4.00      0.00      0.25      0.00      0.00      0.00      0.00
18时48分31秒     wlan0      1.50      1.00      0.11      0.07      0.00      0.00      0.00      0.00
18时48分33秒     wlan0      3.00      2.50      0.73      0.68      0.00      0.00      0.00      0.00
18时48分35秒     wlan0      1.00      6.00      0.08      0.41      0.00      0.00      0.00      0.00
18时48分37秒     wlan0      3.50      3.50      1.14      0.74      0.00      0.00      0.00      0.00
18时48分39秒     wlan0      2.50      0.50      0.42      0.02      0.00      0.00      0.00      0.00
18时48分41秒     wlan0      2.50      0.50      0.15      0.04      0.00      0.00      0.00      0.00
18时48分43秒     wlan0      2.50      3.00      0.69      0.74      0.00      0.00      0.00      0.00
18时48分45秒     wlan0      0.50      0.00      0.04      0.00      0.00      0.00      0.00      0.00
18时48分47秒     wlan0      1.00      3.50      0.58      0.72      0.00      0.00      0.00      0.00
18时48分49秒     wlan0      0.00      4.00      0.00      0.24      0.00      0.00      0.00      0.00
18时48分51秒     wlan0      2.50      3.50      0.31      0.27      0.00      0.00      0.00      0.00
18时48分53秒     wlan0      3.00      1.50      0.84      0.60      0.00      0.00      0.00      0.00
18时48分55秒     wlan0      0.00      0.00      0.00      0.00      0.00      0.00      0.00      0.00
18时48分57秒     wlan0      1.50      1.50      0.62      1.11      0.00      0.00      0.00      0.00
18时48分59秒     wlan0      1.50      1.00      0.25      0.11      0.00      0.00      0.00      0.00
18时49分01秒     wlan0      0.00      0.00      0.00      0.00      0.00      0.00      0.00      0.00
18时49分03秒     wlan0      1.50      2.00      0.61      0.63      0.00      0.00      0.00      0.00
18时49分05秒     wlan0      1.00      0.50      0.08      0.05      0.00      0.00      0.00      0.00
18时49分07秒     wlan0      3.00      4.00      0.89      1.32      0.00      0.00      0.00      0.00
18时49分09秒     wlan0      0.00      0.00      0.00      0.00      0.00      0.00      0.00      0.00
18时49分11秒     wlan0      0.00      0.00      0.00      0.00      0.00      0.00      0.00      0.00
18时49分13秒     wlan0      1.50      1.50      0.61      0.60      0.00      0.00      0.00      0.00
18时49分15秒     wlan0      0.50      1.00      0.05      0.11      0.00      0.00      0.00      0.00
18时49分17秒     wlan0      1.50      2.00      0.61      0.64      0.00      0.00      0.00      0.00
18时49分19秒     wlan0      1.00      4.00      0.06      0.25      0.00      0.00      0.00      0.00
18时49分21秒     wlan0      0.00      2.50      0.00      0.15      0.00      0.00      0.00      0.00
18时49分23秒     wlan0      2.00      3.00      0.69      0.75      0.00      0.00      0.00      0.00
18时49分25秒     wlan0      0.50      1.00      0.03      0.05      0.00      0.00      0.00      0.00
18时49分27秒     wlan0      1.50      2.00      0.61      0.64      0.00      0.00      0.00      0.00
18时49分29秒     wlan0      0.00      0.00      0.00      0.00      0.00      0.00      0.00      0.00
18时49分31秒     wlan0      1.50      1.00      0.25      0.11      0.00      0.00      0.00      0.00
18时49分33秒     wlan0      1.50      1.50      0.64      0.61      0.00      0.00      0.00      0.00
18时49分35秒     wlan0      0.00      0.50      0.00      0.03      0.00      0.00      0.00      0.00
18时49分37秒     wlan0      1.50      1.50      0.64      0.61      0.00      0.00      0.00      0.00
18时49分39秒     wlan0      0.50      1.00      0.05      0.11      0.00      0.00      0.00      0.00
18时49分41秒     wlan0      0.00      0.00      0.00      0.00      0.00      0.00      0.00      0.00
18时49分43秒     wlan0      2.00      1.50      0.67      0.61      0.00      0.00      0.00      0.00
18时49分45秒     wlan0      0.00      0.00      0.00      0.00      0.00      0.00      0.00      0.00
18时49分47秒     wlan0      2.00      2.50      0.69      0.72      0.00      0.00      0.00      0.00
18时49分49秒     wlan0      0.00      0.50      0.00      0.03      0.00      0.00      0.00      0.00
18时49分51秒     wlan0      1.00      1.00      0.06      0.06      0.00      0.00      0.00      0.00
18时49分53秒     wlan0      1.50      1.50      0.64      0.61      0.00      0.00      0.00      0.00
18时49分55秒     wlan0      0.50      1.00      0.05      0.11      0.00      0.00      0.00      0.00
18时49分57秒     wlan0      1.00      1.00      0.58      0.57      0.00      0.00      0.00      0.00
18时49分59秒     wlan0      0.00      0.00      0.00      0.00      0.00      0.00      0.00      0.00
18时50分01秒     wlan0      1.00      0.00      0.20      0.00      0.00      0.00      0.00      0.00
18时50分03秒     wlan0      2.00      2.50      0.66      0.72      0.00      0.00      0.00      0.00
18时50分05秒     wlan0      0.50      0.50      0.05      0.05      0.00      0.00      0.00      0.00
18时50分07秒     wlan0      2.50      2.50      0.70      0.70      0.00      0.00      0.00      0.00
18时50分09秒     wlan0      1.50      1.50      0.26      0.60      0.00      0.00      0.00      0.00
18时50分11秒     wlan0      1.00      1.50      0.08      0.14      0.00      0.00      0.00      0.00
18时50分13秒     wlan0      2.50      1.50      0.70      0.60      0.00      0.00      0.00      0.00
18时50分15秒     wlan0      2.50      2.00      0.25      0.16      0.00      0.00      0.00      0.00
18时50分17秒     wlan0      0.00      0.00      0.00      0.00      0.00      0.00      0.00      0.00
18时50分19秒     wlan0      1.50      2.00      0.11      0.17      0.00      0.00      0.00      0.00
18时50分21秒     wlan0      0.00      0.00      0.00      0.00      0.00      0.00      0.00      0.00
18时50分23秒     wlan0      0.00      0.00      0.00      0.00      0.00      0.00      0.00      0.00
18时50分25秒     wlan0      0.00      0.00      0.00      0.00      0.00      0.00      0.00      0.00
18时50分27秒     wlan0      0.50      1.00      0.05      0.11      0.00      0.00      0.00      0.00
18时50分29秒     wlan0      0.00      0.00      0.00      0.00      0.00      0.00      0.00      0.00
18时50分31秒     wlan0      1.00      2.00      0.11      0.19      0.00      0.00      0.00      0.00
18时50分33秒     wlan0      1.50      0.00      0.23      0.00      0.00      0.00      0.00      0.00
18时50分35秒     wlan0      0.50      1.00      0.05      0.11      0.00      0.00      0.00      0.00
18时50分37秒     wlan0      0.00      0.00      0.00      0.00      0.00      0.00      0.00      0.00
18时50分39秒     wlan0      0.50      0.50      0.03      0.02      0.00      0.00      0.00      0.00
18时50分41秒     wlan0      0.50      0.00      0.17      0.00      0.00      0.00      0.00      0.00
18时50分43秒     wlan0      0.50      1.00      0.05      0.11      0.00      0.00      0.00      0.00
18时50分45秒     wlan0      2.00      0.00      0.54      0.00      0.00      0.00      0.00      0.00
18时50分47秒     wlan0      0.50      0.00      0.03      0.00      0.00      0.00      0.00      0.00
18时50分49秒     wlan0      0.50      0.50      0.03      0.04      0.00      0.00      0.00      0.00
18时50分51秒     wlan0      1.00      1.50      0.08      0.14      0.00      0.00      0.00      0.00
18时50分53秒     wlan0      1.50      2.00      0.62      0.65      0.00      0.00      0.00      0.00
18时50分55秒     wlan0      0.00      0.00      0.00      0.00      0.00      0.00      0.00      0.00
18时50分57秒     wlan0      0.50      0.50      0.03      0.04      0.00      0.00      0.00      0.00
18时50分59秒     wlan0      1.50      2.00      0.63      0.68      0.00      0.00      0.00      0.00
18时51分01秒     wlan0      0.00      0.00      0.00      0.00      0.00      0.00      0.00      0.00
18时51分03秒     wlan0      1.00      1.00      0.58      0.57      0.00      0.00      0.00      0.00
18时51分05秒     wlan0      1.00      0.00      0.20      0.00      0.00      0.00      0.00      0.00
18时51分07秒     wlan0      1.50      1.50      0.13      0.16      0.00      0.00      0.00      0.00
18时51分09秒     wlan0      2.50      3.00      0.84      1.21      0.00      0.00      0.00      0.00
18时51分11秒     wlan0      1.50      0.50      0.13      0.04      0.00      0.00      0.00      0.00
18时51分13秒     wlan0      1.00      1.00      0.58      0.57      0.00      0.00      0.00      0.00
18时51分15秒     wlan0      0.50      1.00      0.05      0.11      0.00      0.00      0.00      0.00
18时51分17秒     wlan0      0.00      0.00      0.00      0.00      0.00      0.00      0.00      0.00
18时51分19秒     wlan0      2.00      1.50      0.64      0.61      0.00      0.00      0.00      0.00
18时51分21秒     wlan0      0.00      0.00      0.00      0.00      0.00      0.00      0.00      0.00
18时51分23秒     wlan0      0.50      2.50      0.04      1.75      0.00      0.00      0.00      0.00
18时51分25秒     wlan0      4.50      3.00      1.91      0.24      0.00      0.00      0.00      0.00
18时51分27秒     wlan0      2.00      3.00      0.12      1.00      0.00      0.00      0.00      0.00
18时51分29秒     wlan0    100.00    119.00     29.67     29.74      0.00      0.00      0.00      0.00
18时51分31秒     wlan0      0.50      5.50      0.05      0.47      0.00      0.00      0.00      0.00
18时51分33秒     wlan0      1.50      4.00      0.61      0.81      0.00      0.00      0.00      0.00
18时51分35秒     wlan0      0.00      2.00      0.00      0.16      0.00      0.00      0.00      0.00
18时51分37秒     wlan0      2.00      4.50      0.36      0.37      0.00      0.00      0.00      0.00
18时51分39秒     wlan0      1.50      6.00      0.63      0.98      0.00      0.00      0.00      0.00
18时51分41秒     wlan0      5.00      9.00      1.83      2.24      0.00      0.00      0.00      0.00
18时51分43秒     wlan0     19.00     23.50     12.89      6.78      0.00      0.00      0.00      0.00
18时51分45秒     wlan0     64.00     94.00     22.01     31.67      0.00      0.00      0.00      0.00
18时51分47秒     wlan0     19.00     29.50      5.79      6.19      0.00      0.00      0.00      0.00
18时51分49秒     wlan0     16.00     21.50      7.31      5.03      0.00      0.00      0.00      0.00
18时51分51秒     wlan0      1.00      4.50      0.06      0.34      0.00      0.00      0.00      0.00
18时51分53秒     wlan0      1.00      5.00      0.58      0.87      0.00      0.00      0.00      0.00
18时51分55秒     wlan0      0.50      1.50      0.05      0.15      0.00      0.00      0.00      0.00
18时51分57秒     wlan0      0.00      1.00      0.00      0.07      0.00      0.00      0.00      0.00
18时51分59秒     wlan0      6.50     30.00      1.30      4.06      0.00      0.00      0.00      0.00
18时52分01秒     wlan0      6.50     15.00      1.32      2.27      0.00      0.00      0.00      0.00
18时52分03秒     wlan0      3.50     10.00      1.07      1.35      0.00      0.00      0.00      0.00
18时52分05秒     wlan0     28.00     57.00      1.64     75.10      0.00      0.00      0.00      0.00
18时52分07秒     wlan0      1.50      5.00      0.11      0.34      0.00      0.00      0.00      0.00
18时52分09秒     wlan0      5.00     11.50      1.43      1.84      0.00      0.00      0.00      0.00
18时52分11秒     wlan0      9.00     16.00      6.11      2.44      0.00      0.00      0.00      0.00
18时52分13秒     wlan0     76.00    102.00     31.65     35.94      0.00      0.00      0.00      0.00
18时52分15秒     wlan0      6.50     11.00      0.95      1.91      0.00      0.00      0.00      0.00
18时52分17秒     wlan0      0.00      3.50      0.00      0.23      0.00      0.00      0.00      0.00
18时52分19秒     wlan0     45.50     56.00     16.57     24.63      0.00      0.00      0.00      0.00
18时52分21秒     wlan0     29.00     36.50     16.48     14.89      0.00      0.00      0.00      0.00
18时52分23秒     wlan0     40.00     48.50     17.91     20.77      0.00      0.00      0.00      0.00
18时52分25秒     wlan0      5.50      9.50      0.68      2.56      0.00      0.00      0.00      0.00
18时52分27秒     wlan0     12.00     17.00      2.27     10.09      0.00      0.00      0.00      0.00
18时52分29秒     wlan0     26.50     56.00      9.09      8.77      0.00      0.00      0.00      0.00
18时52分31秒     wlan0     48.50     65.00     12.60     24.81      0.00      0.00      0.00      0.00
18时52分33秒     wlan0      4.00     12.50      1.25      1.40      0.00      0.00      0.00      0.00
18时52分35秒     wlan0      0.50      3.50      0.05      0.29      0.00      0.00      0.00      0.00
18时52分37秒     wlan0      3.00      9.00      0.46      1.88      0.00      0.00      0.00      0.00
18时52分39秒     wlan0      3.50      8.00      0.74      1.06      0.00      0.00      0.00      0.00
18时52分41秒     wlan0      1.00      3.50      0.20      0.24      0.00      0.00      0.00      0.00
18时52分43秒     wlan0      2.00      7.50      0.69      1.05      0.00      0.00      0.00      0.00
18时52分45秒     wlan0      2.50      3.50      0.16      0.25      0.00      0.00      0.00      0.00
18时52分47秒     wlan0      3.00      7.00      0.20      0.49      0.00      0.00      0.00      0.00
18时52分49秒     wlan0     10.50     40.00      1.24      3.16      0.00      0.00      0.00      0.00
18时52分51秒     wlan0      2.50     14.50      0.26      1.04      0.00      0.00      0.00      0.00
18时52分53秒     wlan0      0.50      9.50      0.03      0.62      0.00      0.00      0.00      0.00
18时52分55秒     wlan0      1.00      4.50      0.06      0.31      0.00      0.00      0.00      0.00
18时52分57秒     wlan0      0.50     11.50      0.03      0.74      0.00      0.00      0.00      0.00
18时52分59秒     wlan0      4.50      8.50      0.31      0.62      0.00      0.00      0.00      0.00
18时53分01秒     wlan0      1.00      3.50      0.22      0.28      0.00      0.00      0.00      0.00
18时53分03秒     wlan0      1.00     10.50      0.06      0.68      0.00      0.00      0.00      0.00
18时53分05秒     wlan0      0.50      1.50      0.03      0.11      0.00      0.00      0.00      0.00
18时53分07秒     wlan0      3.50      6.00      0.26      0.45      0.00      0.00      0.00      0.00
18时53分09秒     wlan0      2.00      3.50      0.13      0.25      0.00      0.00      0.00      0.00
18时53分11秒     wlan0      5.00      7.50      0.72      1.14      0.00      0.00      0.00      0.00
18时53分13秒     wlan0      2.00      2.50      0.13      0.18      0.00      0.00      0.00      0.00
18时53分15秒     wlan0      7.50     10.50      0.57      0.84      0.00      0.00      0.00      0.00
18时53分17秒     wlan0      4.50     10.50      0.27      0.67      0.00      0.00      0.00      0.00
18时53分19秒     wlan0      1.00      2.00      0.14      0.18      0.00      0.00      0.00      0.00
18时53分21秒     wlan0      1.50      2.50      0.10      0.18      0.00      0.00      0.00      0.00
18时53分23秒     wlan0      2.00      3.50      0.15      0.30      0.00      0.00      0.00      0.00
18时53分25秒     wlan0      1.00      1.50      0.14      0.16      0.00      0.00      0.00      0.00
18时53分27秒     wlan0      0.00      3.50      0.00      0.23      0.00      0.00      0.00      0.00
18时53分29秒     wlan0      3.50      8.50      0.29      0.65      0.00      0.00      0.00      0.00
18时53分31秒     wlan0      3.50      5.50      0.23      0.44      0.00      0.00      0.00      0.00
18时53分33秒     wlan0      1.50      5.00      0.09      0.44      0.00      0.00      0.00      0.00
18时53分35秒     wlan0      3.00      3.00      0.27      0.26      0.00      0.00      0.00      0.00
18时53分37秒     wlan0      4.50     10.00      0.41      0.74      0.00      0.00      0.00      0.00
18时53分39秒     wlan0      5.50     15.50      0.37      1.04      0.00      0.00      0.00      0.00
18时53分41秒     wlan0      0.00      5.50      0.00      0.37      0.00      0.00      0.00      0.00
18时53分43秒     wlan0      3.00      7.00      0.33      0.48      0.00      0.00      0.00      0.00
18时53分45秒     wlan0      1.00      6.00      0.06      0.43      0.00      0.00      0.00      0.00
18时53分47秒     wlan0      0.50      8.00      0.05      0.55      0.00      0.00      0.00      0.00
18时53分49秒     wlan0      2.50      4.00      0.24      0.27      0.00      0.00      0.00      0.00
18时53分51秒     wlan0      0.00      2.00      0.00      0.16      0.00      0.00      0.00      0.00
18时53分53秒     wlan0      1.00      5.50      0.06      0.37      0.00      0.00      0.00      0.00
18时53分55秒     wlan0      1.00      3.00      0.08      0.25      0.00      0.00      0.00      0.00
18时53分57秒     wlan0      0.00      3.00      0.00      0.23      0.00      0.00      0.00      0.00
18时53分59秒     wlan0      0.00      3.00      0.00      0.23      0.00      0.00      0.00      0.00
18时54分01秒     wlan0      2.00      1.50      0.13      0.11      0.00      0.00      0.00      0.00
18时54分03秒     wlan0      0.50      2.00      0.05      0.19      0.00      0.00      0.00      0.00
18时54分05秒     wlan0      0.00      1.00      0.00      0.08      0.00      0.00      0.00      0.00
18时54分07秒     wlan0      1.50      5.50      0.15      0.41      0.00      0.00      0.00      0.00
18时54分09秒     wlan0      1.00      1.50      0.26      0.11      0.00      0.00      0.00      0.00
18时54分11秒     wlan0      0.50      3.00      0.05      0.27      0.00      0.00      0.00      0.00
18时54分13秒     wlan0      1.50      1.50      0.26      0.60      0.00      0.00      0.00      0.00
18时54分15秒     wlan0      1.00      1.50      0.20      0.12      0.00      0.00      0.00      0.00
18时54分17秒     wlan0      0.00      3.00      0.00      0.24      0.00      0.00      0.00      0.00
18时54分19秒     wlan0      0.50      2.50      0.05      0.23      0.00      0.00      0.00      0.00
18时54分21秒     wlan0      0.00      0.00      0.00      0.00      0.00      0.00      0.00      0.00
18时54分23秒     wlan0      0.50      3.00      0.03      0.24      0.00      0.00      0.00      0.00
18时54分25秒     wlan0      0.00      1.00      0.00      0.07      0.00      0.00      0.00      0.00
18时54分27秒     wlan0      1.00      3.00      0.08      0.26      0.00      0.00      0.00      0.00
18时54分29秒     wlan0      3.00      3.00      0.19      0.22      0.00      0.00      0.00      0.00
18时54分31秒     wlan0      0.00      1.50      0.00      0.12      0.00      0.00      0.00      0.00
18时54分33秒     wlan0      1.00      0.50      0.06      0.04      0.00      0.00      0.00      0.00
18时54分35秒     wlan0      1.00      3.50      0.10      0.27      0.00      0.00      0.00      0.00
18时54分37秒     wlan0      0.50      1.00      0.03      0.05      0.00      0.00      0.00      0.00
18时54分39秒     wlan0      1.50      3.50      0.09      0.26      0.00      0.00      0.00      0.00
18时54分41秒     wlan0      1.00      1.00      0.06      0.08      0.00      0.00      0.00      0.00
18时54分43秒     wlan0      0.50      1.00      0.05      0.11      0.00      0.00      0.00      0.00
18时54分45秒     wlan0      0.50      0.50      0.03      0.04      0.00      0.00      0.00      0.00
18时54分47秒     wlan0      1.00      2.00      0.20      0.16      0.00      0.00      0.00      0.00
18时54分49秒     wlan0      0.00      0.50      0.00      0.04      0.00      0.00      0.00      0.00
18时54分51秒     wlan0      2.50      1.00      0.59      0.11      0.00      0.00      0.00      0.00
18时54分53秒     wlan0      7.00      5.50      2.04      0.84      0.00      0.00      0.00      0.00
18时54分55秒     wlan0      2.50      1.50      0.31      0.24      0.00      0.00      0.00      0.00
18时54分57秒     wlan0      0.50      1.00      0.04      0.08      0.00      0.00      0.00      0.00
18时54分59秒     wlan0      4.50      6.50      1.78      1.02      0.00      0.00      0.00      0.00
18时55分01秒     wlan0      2.00      1.00      0.29      0.11      0.00      0.00      0.00      0.00
18时55分03秒     wlan0      0.00      0.00      0.00      0.00      0.00      0.00      0.00      0.00
18时55分05秒     wlan0      0.00      0.00      0.00      0.00      0.00      0.00      0.00      0.00
18时55分07秒     wlan0      2.00      3.00      0.17      0.35      0.00      0.00      0.00      0.00
18时55分09秒     wlan0      8.00      9.00      1.28      1.29      0.00      0.00      0.00      0.00
18时55分11秒     wlan0      1.00      2.50      0.10      0.18      0.00      0.00      0.00      0.00
18时55分13秒     wlan0      2.00      2.50      0.29      0.67      0.00      0.00      0.00      0.00
18时55分15秒     wlan0      1.50      3.00      0.11      0.26      0.00      0.00      0.00      0.00
18时55分17秒     wlan0      0.00      0.00      0.00      0.00      0.00      0.00      0.00      0.00
18时55分19秒     wlan0      1.50      2.00      0.23      0.16      0.00      0.00      0.00      0.00
18时55分21秒     wlan0      0.00      0.00      0.00      0.00      0.00      0.00      0.00      0.00
18时55分23秒     wlan0      1.50      3.50      0.11      0.29      0.00      0.00      0.00      0.00
18时55分25秒     wlan0      0.50      0.50      0.03      0.04      0.00      0.00      0.00      0.00
18时55分27秒     wlan0      0.00      0.00      0.00      0.00      0.00      0.00      0.00      0.00
18时55分29秒     wlan0      2.50      3.00      0.27      0.23      0.00      0.00      0.00      0.00
18时55分31秒     wlan0      1.00      2.50      0.08      0.22      0.00      0.00      0.00      0.00
18时55分33秒     wlan0      0.50      0.50      0.03      0.04      0.00      0.00      0.00      0.00
18时55分35秒     wlan0      0.00      0.50      0.00      0.04      0.00      0.00      0.00      0.00
18时55分37秒     wlan0      0.50      1.50      0.08      0.12      0.00      0.00      0.00      0.00
18时55分39秒     wlan0      0.50      2.50      0.05      0.23      0.00      0.00      0.00      0.00
18时55分41秒     wlan0      0.00      0.50      0.00      0.04      0.00      0.00      0.00      0.00
18时55分43秒     wlan0      0.00      0.50      0.00      0.04      0.00      0.00      0.00      0.00
18时55分45秒     wlan0      0.00      3.00      0.00      0.24      0.00      0.00      0.00      0.00
18时55分47秒     wlan0      0.50      2.50      0.05      0.23      0.00      0.00      0.00      0.00
18时55分49秒     wlan0      0.00      1.00      0.00      0.08      0.00      0.00      0.00      0.00
18时55分51秒     wlan0      1.00      2.00      0.20      0.16      0.00      0.00      0.00      0.00
18时55分53秒     wlan0      0.50      1.50      0.03      0.12      0.00      0.00      0.00      0.00
18时55分55秒     wlan0      0.50      1.50      0.05      0.15      0.00      0.00      0.00      0.00
18时55分57秒     wlan0      0.00      1.00      0.00      0.08      0.00      0.00      0.00      0.00
18时55分59秒     wlan0      1.00      2.00      0.06      0.16      0.00      0.00      0.00      0.00
18时56分01秒     wlan0      0.00      0.50      0.00      0.04      0.00      0.00      0.00      0.00
18时56分03秒     wlan0      0.50      1.50      0.05      0.15      0.00      0.00      0.00      0.00
18时56分05秒     wlan0      0.50      1.00      0.03      0.08      0.00      0.00      0.00      0.00
18时56分07秒     wlan0      1.00      1.00      0.12      0.09      0.00      0.00      0.00      0.00
18时56分09秒     wlan0      2.00      3.00      0.15      0.26      0.00      0.00      0.00      0.00
18时56分11秒     wlan0      1.00      3.00      0.08      0.26      0.00      0.00      0.00      0.00
18时56分13秒     wlan0      0.50      1.00      0.03      0.06      0.00      0.00      0.00      0.00
18时56分15秒     wlan0      2.00      4.50      0.29      0.83      0.00      0.00      0.00      0.00
18时56分17秒     wlan0      1.50      3.00      0.14      0.29      0.00      0.00      0.00      0.00
18时56分19秒     wlan0      7.50      8.00      2.51      1.17      0.00      0.00      0.00      0.00
18时56分21秒     wlan0     11.50     11.50      7.51      2.00      0.00      0.00      0.00      0.00
18时56分23秒     wlan0     37.00     34.00     52.58      2.54      0.00      0.00      0.00      0.00
18时56分25秒     wlan0     37.00     28.50     53.14      2.11      0.00      0.00      0.00      0.00
18时56分27秒     wlan0     40.50     21.00     58.25      1.55      0.00      0.00      0.00      0.00
18时56分29秒     wlan0     73.00     49.50    102.78      3.83      0.00      0.00      0.00      0.00
18时56分31秒     wlan0     67.00     59.50     97.49      4.64      0.00      0.00      0.00      0.00
18时56分33秒     wlan0     33.00     26.50     44.81      2.00      0.00      0.00      0.00      0.00
18时56分35秒     wlan0     35.50     22.50     50.98      1.77      0.00      0.00      0.00      0.00
18时56分37秒     wlan0     32.50     25.50     46.59      1.91      0.00      0.00      0.00      0.00
18时56分39秒     wlan0     35.00     25.00     50.93      1.88      0.00      0.00      0.00      0.00
18时56分41秒     wlan0     44.50     28.50     61.54      2.13      0.00      0.00      0.00      0.00
18时56分43秒     wlan0     20.50     19.50     27.76      1.59      0.00      0.00      0.00      0.00
18时56分45秒     wlan0     16.50     17.00     23.31      1.31      0.00      0.00      0.00      0.00
18时56分47秒     wlan0     22.00     13.50     31.31      0.98      0.00      0.00      0.00      0.00
18时56分49秒     wlan0     37.00     19.50     51.75      1.41      0.00      0.00      0.00      0.00
18时56分51秒     wlan0     88.50     64.00    128.10      5.02      0.00      0.00      0.00      0.00
18时56分53秒     wlan0     86.50     66.00    125.86      5.20      0.00      0.00      0.00      0.00
18时56分55秒     wlan0     49.00     25.00     69.35      1.84      0.00      0.00      0.00      0.00
18时56分57秒     wlan0     25.50     30.00     36.41      2.46      0.00      0.00      0.00      0.00
18时56分59秒     wlan0     57.50     43.50     82.29      3.30      0.00      0.00      0.00      0.00
18时57分01秒     wlan0     80.50     55.00    112.19      4.68      0.00      0.00      0.00      0.00
18时57分03秒     wlan0     65.50     40.00     94.00      3.43      0.00      0.00      0.00      0.00
18时57分05秒     wlan0     68.00     34.00     98.95      2.46      0.00      0.00      0.00      0.00
18时57分07秒     wlan0    108.00     64.00    156.47      4.87      0.00      0.00      0.00      0.00
18时57分09秒     wlan0     47.50     42.50     67.49      3.67      0.00      0.00      0.00      0.00
18时57分11秒     wlan0      2.00      2.00      0.16      0.13      0.00      0.00      0.00      0.00
18时57分13秒     wlan0      0.50      0.50      0.03      0.04      0.00      0.00      0.00      0.00
18时57分15秒     wlan0      2.00      3.00      0.31      0.75      0.00      0.00      0.00      0.00
18时57分17秒     wlan0      0.00      0.50      0.00      0.04      0.00      0.00      0.00      0.00
18时57分19秒     wlan0      0.50      0.50      0.03      0.04      0.00      0.00      0.00      0.00
18时57分21秒     wlan0      0.00      0.00      0.00      0.00      0.00      0.00      0.00      0.00
18时57分23秒     wlan0      0.50      1.00      0.05      0.11      0.00      0.00      0.00      0.00
18时57分25秒     wlan0      1.00      1.00      0.06      0.06      0.00      0.00      0.00      0.00
18时57分27秒     wlan0      1.00      0.00      0.20      0.00      0.00      0.00      0.00      0.00
18时57分29秒     wlan0      1.49      1.49      0.09      0.11      0.00      0.00      0.00      0.00
18时57分31秒     wlan0      0.50      1.00      0.05      0.11      0.00      0.00      0.00      0.00
18时57分33秒     wlan0      0.00      0.00      0.00      0.00      0.00      0.00      0.00      0.00
18时57分35秒     wlan0      0.00      0.00      0.00      0.00      0.00      0.00      0.00      0.00
18时57分37秒     wlan0      0.00      2.00      0.00      0.16      0.00      0.00      0.00      0.00
18时57分39秒     wlan0      0.50      2.00      0.05      0.19      0.00      0.00      0.00      0.00
18时57分41秒     wlan0      0.00      0.00      0.00      0.00      0.00      0.00      0.00      0.00
18时57分43秒     wlan0      0.00      1.00      0.00      0.08      0.00      0.00      0.00      0.00
18时57分45秒     wlan0      0.00      1.00      0.00      0.08      0.00      0.00      0.00      0.00
18时57分47秒     wlan0      0.50      1.50      0.05      0.15      0.00      0.00      0.00      0.00
18时57分49秒     wlan0      0.50      0.50      0.03      0.04      0.00      0.00      0.00      0.00
18时57分51秒     wlan0      0.50      2.50      0.03      0.18      0.00      0.00      0.00      0.00
18时57分53秒     wlan0      0.00      0.50      0.00      0.04      0.00      0.00      0.00      0.00
18时57分55秒     wlan0      1.00      3.00      0.08      0.26      0.00      0.00      0.00      0.00
18时57分57秒     wlan0      0.00      1.50      0.00      0.12      0.00      0.00      0.00      0.00
18时57分59秒     wlan0      1.00      1.50      0.20      0.12      0.00      0.00      0.00      0.00
18时58分01秒     wlan0      0.00      0.50      0.00      0.04      0.00      0.00      0.00      0.00
18时58分03秒     wlan0      0.50      1.50      0.05      0.15      0.00      0.00      0.00      0.00
18时58分05秒     wlan0      0.00      0.00      0.00      0.00      0.00      0.00      0.00      0.00
18时58分07秒     wlan0      0.00      1.50      0.00      0.12      0.00      0.00      0.00      0.00
18时58分09秒     wlan0      1.00      0.50      0.08      0.05      0.00      0.00      0.00      0.00
18时58分11秒     wlan0      0.50      2.00      0.05      0.19      0.00      0.00      0.00      0.00
18时58分13秒     wlan0      0.00      0.00      0.00      0.00      0.00      0.00      0.00      0.00
18时58分15秒     wlan0      0.50      2.00      0.03      0.14      0.00      0.00      0.00      0.00
18时58分17秒     wlan0      1.50      2.00      0.26      0.64      0.00      0.00      0.00      0.00
18时58分19秒     wlan0     15.50     39.50      1.47      5.37      0.00      0.00      0.00      0.00
18时58分21秒     wlan0     78.50     91.00     55.37     12.02      0.00      0.00      0.00      0.00
18时58分23秒     wlan0     30.50     35.00     17.04     10.75      0.00      0.00      0.00      0.00
18时58分25秒     wlan0      6.00      7.50      1.19      6.22      0.00      0.00      0.00      0.00
18时58分27秒     wlan0      8.50     10.00      3.71      2.73      0.00      0.00      0.00      0.00
18时58分29秒     wlan0      6.50      6.50      3.23      1.56      0.00      0.00      0.00      0.00
18时58分31秒     wlan0      4.00      0.50      0.37      0.04      0.00      0.00      0.00      0.00
18时58分33秒     wlan0      5.00      2.00      0.48      0.14      0.00      0.00      0.00      0.00
18时58分35秒     wlan0     22.00     26.50      2.83      5.44      0.00      0.00      0.00      0.00
18时58分37秒     wlan0     16.00     14.50      5.52      3.18      0.00      0.00      0.00      0.00
18时58分39秒     wlan0      1.00     11.00      0.06      0.80      0.00      0.00      0.00      0.00
18时58分41秒     wlan0      2.00      3.00      0.16      0.20      0.00      0.00      0.00      0.00
18时58分43秒     wlan0      4.50      1.50      0.43      0.15      0.00      0.00      0.00      0.00
18时58分45秒     wlan0      3.50      1.00      0.21      0.08      0.00      0.00      0.00      0.00
18时58分47秒     wlan0     19.50     22.00      8.70      6.16      0.00      0.00      0.00      0.00
18时58分49秒     wlan0      1.50      3.50      0.57      0.82      0.00      0.00      0.00      0.00
18时58分51秒     wlan0     17.00     17.00      8.83      4.71      0.00      0.00      0.00      0.00
18时58分53秒     wlan0      2.00      2.50      0.66      0.50      0.00      0.00      0.00      0.00
18时58分55秒     wlan0      0.00      1.00      0.00      0.64      0.00      0.00      0.00      0.00
18时58分57秒     wlan0      0.00      0.50      0.00      0.04      0.00      0.00      0.00      0.00
18时58分59秒     wlan0     39.50     61.00     20.90      9.64      0.00      0.00      0.00      0.00
18时59分01秒     wlan0      4.50      4.00      1.04      0.92      0.00      0.00      0.00      0.00
18时59分03秒     wlan0      1.50      1.00      0.23      0.62      0.00      0.00      0.00      0.00
18时59分05秒     wlan0      0.00      0.50      0.00      0.04      0.00      0.00      0.00      0.00
18时59分07秒     wlan0      1.50      2.00      0.11      0.18      0.00      0.00      0.00      0.00
18时59分09秒     wlan0      2.00     11.50      0.14      0.84      0.00      0.00      0.00      0.00
18时59分11秒     wlan0     16.00     15.00     14.77      0.92      0.00      0.00      0.00      0.00
18时59分13秒     wlan0      2.00      9.00      0.14      1.41      0.00      0.00      0.00      0.00
18时59分15秒     wlan0     22.00     28.00      9.62      3.75      0.00      0.00      0.00      0.00
18时59分17秒     wlan0      1.50      2.50      0.26      1.21      0.00      0.00      0.00      0.00
18时59分19秒     wlan0      2.00      3.50      0.98      0.26      0.00      0.00      0.00      0.00
18时59分21秒     wlan0      2.50      1.00      0.17      0.63      0.00      0.00      0.00      0.00
18时59分23秒     wlan0      2.50      2.50      0.19      0.22      0.00      0.00      0.00      0.00
18时59分25秒     wlan0      7.50      8.00      7.83      1.60      0.00      0.00      0.00      0.00
18时59分27秒     wlan0     25.50     25.00      6.44      9.42      0.00      0.00      0.00      0.00
18时59分29秒     wlan0      6.00     13.50      0.45      0.99      0.00      0.00      0.00      0.00
18时59分31秒     wlan0      8.50      9.00      0.86      1.21      0.00      0.00      0.00      0.00
18时59分33秒     wlan0     33.50     35.00     16.30     12.30      0.00      0.00      0.00      0.00
18时59分35秒     wlan0      2.50      1.50      1.18      0.12      0.00      0.00      0.00      0.00
18时59分37秒     wlan0     12.50     13.00      1.55      2.97      0.00      0.00      0.00      0.00
18时59分39秒     wlan0      7.00      7.00      1.03      4.60      0.00      0.00      0.00      0.00
18时59分41秒     wlan0      0.00      1.00      0.00      0.08      0.00      0.00      0.00      0.00
18时59分43秒     wlan0      2.00      2.50      0.16      0.18      0.00      0.00      0.00      0.00
18时59分45秒     wlan0      0.50      2.00      0.11      0.16      0.00      0.00      0.00      0.00
18时59分47秒     wlan0      4.00      7.00      1.84      0.66      0.00      0.00      0.00      0.00
18时59分49秒     wlan0     35.00     40.50     15.99      8.61      0.00      0.00      0.00      0.00
18时59分51秒     wlan0     19.00     20.50      3.86      7.88      0.00      0.00      0.00      0.00
18时59分53秒     wlan0     24.50     22.50     10.95      8.94      0.00      0.00      0.00      0.00
18时59分55秒     wlan0     11.00     14.00      2.21      8.24      0.00      0.00      0.00      0.00
18时59分57秒     wlan0      1.00      1.50      0.51      0.81      0.00      0.00      0.00      0.00
18时59分59秒     wlan0      4.50      5.50      1.32      0.91      0.00      0.00      0.00      0.00
19时00分01秒     wlan0     53.00     49.50     71.62      4.34      0.00      0.00      0.00      0.00
19时00分03秒     wlan0     25.50     24.50     15.88     10.18      0.00      0.00      0.00      0.00
19时00分05秒     wlan0     10.50     11.50      9.49      1.33      0.00      0.00      0.00      0.00
19时00分07秒     wlan0     10.00     11.00      5.10      2.68      0.00      0.00      0.00      0.00
19时00分09秒     wlan0      0.00      0.00      0.00      0.00      0.00      0.00      0.00      0.00
19时00分11秒     wlan0      0.50      1.00      0.05      0.11      0.00      0.00      0.00      0.00
19时00分13秒     wlan0      1.00      1.50      0.08      0.11      0.00      0.00      0.00      0.00
19时00分15秒     wlan0      2.00      2.50      0.14      0.17      0.00      0.00      0.00      0.00
19时00分17秒     wlan0      0.50      0.50      0.03      0.04      0.00      0.00      0.00      0.00
19时00分19秒     wlan0     14.00     17.00      6.34      4.28      0.00      0.00      0.00      0.00
19时00分21秒     wlan0     10.50     10.00      4.88      1.87      0.00      0.00      0.00      0.00
19时00分23秒     wlan0      0.00      0.50      0.00      0.04      0.00      0.00      0.00      0.00
19时00分25秒     wlan0      1.00      1.00      0.08      0.06      0.00      0.00      0.00      0.00
19时00分27秒     wlan0      0.50      1.00      0.05      0.11      0.00      0.00      0.00      0.00
19时00分29秒     wlan0      1.50      0.50      0.09      0.04      0.00      0.00      0.00      0.00
19时00分31秒     wlan0      2.00      2.00      0.16      0.15      0.00      0.00      0.00      0.00
19时00分33秒     wlan0      0.00      2.00      0.00      0.15      0.00      0.00      0.00      0.00
19时00分35秒     wlan0      6.50      6.00      7.27      0.41      0.00      0.00      0.00      0.00
19时00分37秒     wlan0      0.00      0.00      0.00      0.00      0.00      0.00      0.00      0.00
19时00分39秒     wlan0      1.50      0.50      0.23      0.02      0.00      0.00      0.00      0.00
19时00分41秒     wlan0      0.00      0.00      0.00      0.00      0.00      0.00      0.00      0.00
19时00分43秒     wlan0      0.50      1.50      0.05      0.15      0.00      0.00      0.00      0.00
19时00分45秒     wlan0      0.00      2.50      0.00      0.20      0.00      0.00      0.00      0.00
19时00分47秒     wlan0      0.00      2.50      0.00      0.20      0.00      0.00      0.00      0.00
19时00分49秒     wlan0      0.50      0.50      0.03      0.04      0.00      0.00      0.00      0.00
19时00分51秒     wlan0      1.50      4.00      0.11      0.34      0.00      0.00      0.00      0.00
19时00分53秒     wlan0      0.00      0.50      0.00      0.04      0.00      0.00      0.00      0.00
19时00分55秒     wlan0      0.00      0.00      0.00      0.00      0.00      0.00      0.00      0.00
19时00分57秒     wlan0      0.00      0.00      0.00      0.00      0.00      0.00      0.00      0.00
19时00分59秒     wlan0      0.50      2.50      0.05      0.23      0.00      0.00      0.00      0.00
19时01分01秒     wlan0      0.00      0.00      0.00      0.00      0.00      0.00      0.00      0.00
19时01分03秒     wlan0      1.50      2.00      0.11      0.13      0.00      0.00      0.00      0.00
19时01分05秒     wlan0      2.00      1.50      0.13      0.11      0.00      0.00      0.00      0.00
19时01分07秒     wlan0      2.50      2.50      0.21      0.22      0.00      0.00      0.00      0.00
19时01分09秒     wlan0      0.00      0.00      0.00      0.00      0.00      0.00      0.00      0.00
19时01分11秒     wlan0      1.00      0.00      0.20      0.00      0.00      0.00      0.00      0.00
19时01分13秒     wlan0      0.00      1.00      0.00      0.07      0.00      0.00      0.00      0.00
19时01分15秒     wlan0      1.50      2.00      0.11      0.19      0.00      0.00      0.00      0.00
19时01分17秒     wlan0      0.50      0.50      0.03      0.04      0.00      0.00      0.00      0.00
19时01分19秒     wlan0      1.50      2.00      0.26      0.64      0.00      0.00      0.00      0.00
19时01分21秒     wlan0      1.50      1.00      0.13      0.09      0.00      0.00      0.00      0.00
19时01分23秒     wlan0      0.50      1.00      0.05      0.11      0.00      0.00      0.00      0.00
19时01分25秒     wlan0      0.50      0.50      0.03      0.04      0.00      0.00      0.00      0.00
19时01分27秒     wlan0      0.00      0.00      0.00      0.00      0.00      0.00      0.00      0.00
19时01分29秒     wlan0      1.00      0.50      0.06      0.04      0.00      0.00      0.00      0.00
19时01分31秒     wlan0      1.00      1.50      0.08      0.13      0.00      0.00      0.00      0.00
19时01分33秒     wlan0      0.50      1.00      0.03      0.07      0.00      0.00      0.00      0.00
19时01分35秒     wlan0      0.50      0.00      0.03      0.00      0.00      0.00      0.00      0.00
19时01分37秒     wlan0      0.00      2.00      0.00      0.16      0.00      0.00      0.00      0.00
19时01分39秒     wlan0      0.50      2.00      0.05      0.19      0.00      0.00      0.00      0.00
19时01分41秒     wlan0      3.00      4.50      1.62      0.59      0.00      0.00      0.00      0.00
19时01分43秒     wlan0      4.00      2.50      0.59      0.37      0.00      0.00      0.00      0.00
19时01分45秒     wlan0      0.00      0.00      0.00      0.00      0.00      0.00      0.00      0.00
19时01分47秒     wlan0      0.50      2.00      0.05      0.19      0.00      0.00      0.00      0.00
19时01分49秒     wlan0      0.00      0.50      0.00      0.04      0.00      0.00      0.00      0.00
19时01分51秒     wlan0      0.50      2.00      0.03      0.16      0.00      0.00      0.00      0.00
19时01分53秒     wlan0      2.00      3.50      0.22      0.63      0.00      0.00      0.00      0.00
19时01分55秒     wlan0      8.50     11.00      2.56      1.72      0.00      0.00      0.00      0.00
19时01分57秒     wlan0      7.00      9.50      0.91      1.77      0.00      0.00      0.00      0.00
19时01分59秒     wlan0      6.00      9.00      3.05      1.37      0.00      0.00      0.00      0.00
19时02分01秒     wlan0      5.00      5.50      2.31      0.91      0.00      0.00      0.00      0.00
19时02分03秒     wlan0      2.00      4.00      0.31      0.82      0.00      0.00      0.00      0.00
19时02分05秒     wlan0      0.00      0.00      0.00      0.00      0.00      0.00      0.00      0.00
19时02分07秒     wlan0     19.50     21.00      9.01      3.81      0.00      0.00      0.00      0.00
19时02分09秒     wlan0      8.00      8.50      2.61      1.69      0.00      0.00      0.00      0.00
19时02分11秒     wlan0     14.50     19.50     10.14      7.46      0.00      0.00      0.00      0.00
19时02分13秒     wlan0     26.00     27.50      7.18     10.86      0.00      0.00      0.00      0.00
19时02分15秒     wlan0      2.00      1.00      0.70      0.42      0.00      0.00      0.00      0.00
19时02分17秒     wlan0      0.00      0.00      0.00      0.00      0.00      0.00      0.00      0.00
19时02分19秒     wlan0     14.50     15.50      6.97      4.38      0.00      0.00      0.00      0.00
19时02分21秒     wlan0      6.00      8.00      3.49      4.03      0.00      0.00      0.00      0.00
19时02分23秒     wlan0      9.00      7.50      4.50      1.61      0.00      0.00      0.00      0.00
19时02分25秒     wlan0      0.50      0.00      0.03      0.00      0.00      0.00      0.00      0.00
19时02分27秒     wlan0      5.50      7.50      7.20      0.53      0.00      0.00      0.00      0.00
19时02分29秒     wlan0      0.50      1.50      0.03      0.70      0.00      0.00      0.00      0.00
19时02分31秒     wlan0     15.00     15.00      7.31      3.97      0.00      0.00      0.00      0.00
19时02分33秒     wlan0      1.00      1.00      0.08      0.07      0.00      0.00      0.00      0.00
19时02分35秒     wlan0     10.50     17.00      5.71      2.06      0.00      0.00      0.00      0.00
19时02分37秒     wlan0      2.00      2.50      0.21      0.19      0.00      0.00      0.00      0.00
19时02分39秒     wlan0      1.50      4.00      0.25      0.32      0.00      0.00      0.00      0.00
19时02分41秒     wlan0      2.00      3.00      0.16      0.22      0.00      0.00      0.00      0.00
19时02分43秒     wlan0      0.50      2.50      0.05      0.23      0.00      0.00      0.00      0.00
19时02分45秒     wlan0      0.00      0.00      0.00      0.00      0.00      0.00      0.00      0.00
19时02分47秒     wlan0      3.00      5.00      0.34      0.36      0.00      0.00      0.00      0.00
19时02分49秒     wlan0      0.50      1.00      0.03      0.07      0.00      0.00      0.00      0.00
19时02分51秒     wlan0      0.50      1.50      0.05      0.15      0.00      0.00      0.00      0.00
19时02分53秒     wlan0      0.50      0.50      0.03      0.02      0.00      0.00      0.00      0.00
19时02分55秒     wlan0      0.00      1.50      0.00      0.12      0.00      0.00      0.00      0.00
19时02分57秒     wlan0      0.00      0.00      0.00      0.00      0.00      0.00      0.00      0.00
19时02分59秒     wlan0      1.00      2.50      0.08      0.22      0.00      0.00      0.00      0.00
19时03分01秒     wlan0      0.00      0.00      0.00      0.00      0.00      0.00      0.00      0.00
19时03分03秒     wlan0      0.50      0.50      0.03      0.04      0.00      0.00      0.00      0.00
19时03分05秒     wlan0      0.00      0.00      0.00      0.00      0.00      0.00      0.00      0.00
19时03分07秒     wlan0      0.50      1.50      0.05      0.15      0.00      0.00      0.00      0.00
19时03分09秒     wlan0      0.00      0.00      0.00      0.00      0.00      0.00      0.00      0.00
19时03分11秒     wlan0      0.00      1.00      0.00      0.08      0.00      0.00      0.00      0.00
19时03分13秒     wlan0      0.50      0.50      0.05      0.05      0.00      0.00      0.00      0.00
19时03分15秒     wlan0      2.00      2.00      0.15      0.18      0.00      0.00      0.00      0.00
19时03分17秒     wlan0      3.50      6.00      1.80      1.21      0.00      0.00      0.00      0.00
19时03分19秒     wlan0     16.42     14.43      7.71      2.98      0.00      0.00      0.00      0.00
19时03分21秒     wlan0      2.00      2.50      0.29      0.67      0.00      0.00      0.00      0.00
19时03分23秒     wlan0      0.50      1.00      0.05      0.11      0.00      0.00      0.00      0.00
19时03分25秒     wlan0      0.00      0.00      0.00      0.00      0.00      0.00      0.00      0.00
19时03分27秒     wlan0      0.00      0.50      0.00      0.04      0.00      0.00      0.00      0.00
19时03分29秒     wlan0      2.50      3.00      0.19      0.23      0.00      0.00      0.00      0.00
19时03分31秒     wlan0      1.50      3.00      0.18      0.27      0.00      0.00      0.00      0.00
19时03分33秒     wlan0      1.00      1.50      0.08      0.11      0.00      0.00      0.00      0.00
19时03分35秒     wlan0      0.00      0.50      0.00      0.04      0.00      0.00      0.00      0.00
19时03分37秒     wlan0      1.50      3.00      0.10      0.22      0.00      0.00      0.00      0.00
19时03分39秒     wlan0      1.50      2.50      0.11      0.22      0.00      0.00      0.00      0.00
19时03分41秒     wlan0      0.00      0.00      0.00      0.00      0.00      0.00      0.00      0.00
19时03分43秒     wlan0      0.00      1.50      0.00      0.12      0.00      0.00      0.00      0.00
19时03分45秒     wlan0      0.50      2.00      0.11      0.16      0.00      0.00      0.00      0.00
19时03分47秒     wlan0      0.50      2.00      0.05      0.19      0.00      0.00      0.00      0.00
19时03分49秒     wlan0      1.00      2.00      0.06      0.14      0.00      0.00      0.00      0.00
19时03分51秒     wlan0      1.00      1.50      0.20      0.12      0.00      0.00      0.00      0.00
19时03分53秒     wlan0      0.00      0.50      0.00      0.04      0.00      0.00      0.00      0.00
19时03分55秒     wlan0      1.00      1.50      0.22      0.15      0.00      0.00      0.00      0.00
19时03分57秒     wlan0      0.00      0.50      0.00      0.04      0.00      0.00      0.00      0.00
19时03分59秒     wlan0      0.50      1.50      0.03      0.12      0.00      0.00      0.00      0.00
19时04分01秒     wlan0      0.00      1.00      0.00      0.08      0.00      0.00      0.00      0.00
19时04分03秒     wlan0      3.00      4.00      0.37      0.82      0.00      0.00      0.00      0.00
19时04分05秒     wlan0      0.00      0.50      0.00      0.04      0.00      0.00      0.00      0.00
19时04分07秒     wlan0      0.00      0.00      0.00      0.00 